%YAML:1.0
number: 1
data_0: !!opencv-matrix
   rows: 1
   cols: 768
   dt: f
   data: [ -3.27177383e-002, 4.46708873e-002, 9.22716409e-003,
       -4.67692874e-002, 2.36995742e-002, 4.89038117e-002,
       -1.13761462e-002, 2.77678873e-002, 1.16408542e-002,
       3.94832063e-003, 4.62345518e-002, -5.94988577e-002,
       4.97313042e-004, -1.66359097e-002, -2.45309100e-002,
       1.16775744e-001, -5.92207462e-002, -3.21916044e-002,
       5.07404171e-002, 2.27773618e-002, 4.36611474e-002,
       1.33098988e-002, 4.47301231e-002, -1.94926020e-002,
       5.93164191e-002, -1.01101240e-002, -5.06475754e-002,
       5.71805611e-003, -9.99409147e-003, 1.74784713e-004,
       1.74562428e-002, -4.46538329e-002, -1.44520318e-002,
       -4.78034839e-002, -3.42213362e-002, -2.35935599e-002,
       4.25431840e-002, -4.42090556e-002, 3.77700739e-002,
       9.30044353e-002, 3.33706778e-003, 3.18867271e-003,
       8.44939053e-003, -3.56787033e-002, 5.09361690e-003,
       -3.17985937e-002, -2.56199408e-002, 2.06531752e-002,
       -1.06641270e-001, 5.25464267e-002, 3.68154943e-002,
       -5.42473942e-002, -3.15998122e-002, 2.14914680e-002,
       2.29593869e-002, -4.08287458e-002, -3.68917249e-002,
       -3.73466052e-002, 5.19818142e-002, 6.41198084e-002,
       -6.57233968e-002, 2.23281626e-002, -3.03932326e-003,
       5.35271503e-003, -5.72919026e-002, -4.32284996e-002,
       -3.29935737e-002, -3.46859917e-002, 2.14993022e-002,
       -5.07121393e-003, -2.85422113e-002, -3.09268441e-002,
       -4.89018150e-002, 2.76238821e-003, 4.46911678e-002,
       -1.56502686e-002, 6.55470463e-003, -5.05146086e-002,
       4.50880751e-002, -2.95043327e-002, 5.81201119e-003,
       -2.13119369e-002, -6.75975019e-003, 1.69393104e-002,
       9.03109461e-002, -7.51724513e-003, 3.88176590e-002,
       1.31363720e-002, -1.41009158e-002, 1.08240191e-002,
       -2.27396414e-002, 4.66382317e-002, -3.61209316e-003,
       6.45305589e-002, 4.12032381e-002, -6.58587068e-002,
       5.27828075e-002, -2.92520411e-002, 1.24747502e-002,
       -2.87019163e-002, 2.45579835e-002, 5.55409789e-002,
       1.70004033e-002, -6.39906228e-002, -2.19012517e-002,
       3.47606465e-002, -2.85054673e-003, 3.09863547e-003,
       2.71982756e-002, 2.02490650e-002, -3.33763659e-002,
       -6.51674112e-003, 1.02338623e-002, -9.05239303e-003,
       4.68386970e-002, -3.28200050e-002, 5.35594821e-002,
       -3.59457955e-002, -4.68385033e-002, -5.10201976e-002,
       8.80856067e-003, -5.07692695e-002, 1.31771863e-002,
       -5.88241741e-002, -2.07227102e-004, -1.28020272e-002,
       5.98069057e-002, -5.51992729e-002, 1.75166205e-002,
       1.03331760e-001, -1.16078621e-002, -1.73636992e-002,
       -3.39468173e-003, -4.89061289e-002, 2.82414965e-002,
       7.04453588e-002, -3.10040135e-002, -3.09957080e-002,
       -2.41224817e-003, 6.53628726e-003, -2.52552014e-002,
       -8.86714906e-002, 8.94936826e-003, 4.81146807e-003,
       1.03547378e-002, -8.11110996e-003, 1.70768294e-002,
       -1.69400424e-002, 4.51817736e-003, -3.69310845e-004,
       -5.34157939e-002, 4.30834806e-003, 1.91097837e-002,
       4.58681025e-003, -1.63151382e-003, -1.20232790e-003,
       -4.60910834e-002, 1.14226034e-002, -1.23307053e-002,
       3.12467683e-002, -7.37708360e-002, -1.68549120e-002,
       3.84343863e-002, 2.05562729e-002, 1.00331604e-002,
       -1.44945225e-002, -8.86917673e-003, -2.42451802e-002,
       1.52484318e-002, -6.61883503e-002, -1.23309540e-002,
       5.18645765e-003, -2.22919825e-002, -1.96391884e-002,
       -3.48548405e-002, 3.28694768e-002, -1.36413593e-002,
       2.57436000e-002, 1.21888574e-002, -1.29521970e-004,
       -2.85113826e-002, -3.13283913e-002, -1.23302697e-003,
       -3.12598944e-002, 3.72993387e-002, 3.60968756e-003,
       2.30485015e-002, -1.57807861e-002, -8.52103010e-002,
       -3.38875987e-002, -1.83601268e-002, 2.67616846e-002,
       -2.36068647e-002, -2.10486799e-002, 1.61041822e-002,
       -1.27180452e-002, 2.34328378e-002, 3.42821293e-002,
       2.86963247e-002, 3.07514183e-002, -7.26308674e-002,
       -6.99209496e-002, 1.69009864e-002, -1.57790780e-002,
       -9.90824681e-003, -1.56336632e-002, -1.64605621e-002,
       2.84857135e-002, 3.70949209e-002, 2.67917179e-002,
       1.52785201e-002, 1.29271178e-002, -1.59326810e-002,
       -1.63789243e-002, -1.07405419e-002, -5.87503018e-005,
       3.54071110e-002, 3.69268470e-002, -9.58574191e-002,
       -1.01754880e-002, 4.11988124e-002, -1.01624422e-001,
       3.80062722e-002, 2.56535411e-002, 3.84483933e-002,
       -6.87308423e-003, 1.82885863e-002, -5.59520498e-002,
       -1.24726966e-002, -2.56893821e-002, 4.10720780e-002,
       2.73226872e-002, 2.76276264e-002, 3.77215166e-003,
       -2.63718460e-002, -8.78515691e-002, 7.57497968e-003,
       -2.81139147e-002, 1.58387497e-002, 3.27193551e-002,
       1.61951320e-004, -3.04413345e-002, 1.71388388e-002,
       1.13298157e-002, 3.74187976e-002, -1.92639846e-002,
       1.42326450e-003, -1.63000636e-002, -2.93335952e-002,
       -4.34649214e-002, -1.37857357e-002, 1.27480496e-002,
       9.97538213e-003, 1.57752633e-002, -5.77397905e-002,
       -2.34396085e-002, 3.98297142e-003, -5.97056150e-002,
       -4.45001349e-002, -3.68960723e-002, -5.69499061e-002,
       8.19527581e-002, -1.13983927e-002, -7.40884990e-003,
       2.72461912e-003, 2.64789667e-002, -4.40974645e-002,
       8.35082084e-002, 4.79229260e-003, 1.20486364e-001,
       -4.45373021e-002, 6.00357773e-003, -5.73375337e-002,
       3.29900649e-003, 2.92463899e-002, -7.91346729e-002,
       -2.20243186e-002, 6.64471975e-003, 8.58348049e-003,
       -2.18367409e-002, 5.02084419e-002, 1.43410731e-002,
       -4.57600923e-003, -4.27884652e-006, 3.68004548e-003,
       -7.28251263e-002, 4.72962558e-002, 9.09908582e-003,
       2.20717061e-002, 7.08987415e-002, 2.26831436e-002,
       -2.78737582e-002, -1.82380006e-002, 1.10761318e-002,
       1.21998461e-002, 5.41171953e-002, 3.27751711e-002,
       7.81591050e-003, 1.94109790e-002, 3.31866485e-003,
       2.04952564e-002, 8.78513325e-003, -5.58192767e-002,
       -8.47822204e-002, -3.80150713e-002, -6.23651557e-002,
       2.11688448e-002, 3.02269030e-002, -7.53839090e-002,
       -2.60621272e-002, 3.20436582e-002, -1.14674307e-003,
       4.04045433e-002, -4.70283516e-002, 4.03099172e-002,
       -9.30145907e-004, 6.23572059e-003, -2.85905376e-002,
       3.66527289e-002, 3.84119712e-002, 3.11135370e-002,
       4.22652848e-002, 5.07905371e-002, -3.87420766e-002,
       2.31853127e-002, 1.35250215e-003, 1.13203377e-003,
       -5.45830876e-002, -4.65811305e-002, -3.84187028e-002,
       -1.51888635e-002, 3.08781005e-002, 3.08316685e-002,
       3.32573503e-002, -1.03520798e-002, 4.69170883e-002,
       5.96305579e-002, -5.59826829e-002, 2.42652372e-002,
       -2.55648959e-002, 2.34090677e-003, -1.39968377e-002,
       -3.34111452e-002, 9.06706229e-003, -1.09509872e-002,
       6.95001567e-003, 2.19501574e-002, -1.55928452e-002,
       -1.25129158e-002, 5.00350147e-002, 5.20025901e-002,
       5.89486510e-002, 6.38462603e-002, 2.60729920e-002,
       2.75164060e-002, -2.68791001e-002, -1.05233165e-003,
       2.43860800e-002, -1.02161095e-002, 8.27886257e-003,
       -3.44781280e-002, 2.30667945e-002, 2.97481045e-002,
       6.13236148e-003, -8.34042728e-002, 3.65501009e-002,
       -3.31345275e-002, 2.79750787e-002, 4.54865210e-003,
       -2.40618177e-003, -2.41400935e-002, -4.11784798e-002,
       1.41378155e-003, -6.42893240e-002, -2.71731969e-002,
       7.04624504e-002, 2.95672808e-002, 4.15011682e-002,
       4.68205102e-002, 3.62069067e-003, -8.02193061e-002,
       -2.40560640e-002, -1.10222306e-002, -5.84894279e-003,
       -7.25940103e-003, 1.40102804e-002, 6.73705339e-002,
       3.98660079e-003, -9.72248521e-003, -7.78040811e-002,
