%YAML:1.0
number: 1
data_0: !!opencv-matrix
   rows: 1
   cols: 768
   dt: f
   data: [ 9.40405764e-003, -1.33573607e-001, -1.21889018e-001,
       4.23300825e-002, 2.76911911e-002, -5.25802076e-002,
       -3.95799913e-002, 5.97451925e-002, -6.79451451e-002,
       -2.72545796e-002, 3.41712423e-002, -2.07741447e-002,
       -8.26333836e-002, 6.45407364e-002, 2.76598632e-002,
       -2.13179123e-002, 7.40201620e-004, -1.71089340e-002,
       3.66885774e-002, -2.21929839e-003, 2.97958106e-002,
       -1.71181038e-002, -1.01791536e-002, -4.84839231e-002,
       5.41076995e-002, -5.79713611e-003, 1.08101666e-001,
       3.27349380e-002, -1.28057739e-002, -5.84238656e-002,
       -5.22076935e-002, -5.17603988e-003, -2.35815719e-002,
       2.31898595e-002, 2.87172869e-002, -7.54787251e-002,
       -1.79435089e-002, 5.43103181e-002, -7.02814162e-002,
       -2.13071611e-002, -4.83165905e-002, -2.07030457e-002,
       -4.99641197e-003, 4.74950261e-002, 2.74806353e-003,
       7.59828137e-003, 1.16229281e-001, 5.79232071e-003,
       -6.70725033e-002, 3.18593420e-002, -3.76592414e-003,
       -7.57401250e-003, 3.74300890e-002, 9.08490084e-003,
       -6.87566102e-002, -4.21585366e-002, -6.02912195e-002,
       -3.52965295e-002, -2.97639947e-002, 3.66183780e-002,
       -4.75003496e-002, -1.76179893e-002, 6.23615794e-002,
       -1.59120001e-002, 5.20272963e-002, -2.90251262e-002,
       -5.45187108e-003, 1.09413965e-002, -2.92667337e-002,
       -8.86805058e-002, 8.62678140e-002, 4.07120101e-002,
       7.53898472e-002, 8.49006921e-002, 2.99980473e-002,
       -2.82641761e-002, -1.35204112e-002, 3.82344574e-002,
       -5.61368205e-002, 1.95280686e-002, 3.04149394e-003,
       -8.57713446e-002, -2.35291719e-002, -2.59676725e-002,
       4.47856970e-002, 1.76221188e-002, 8.86963457e-002,
       -5.25111556e-002, 2.64279041e-002, -4.65238653e-002,
       -9.42328125e-002, -1.38933500e-002, -2.74410918e-002,
       -3.96644399e-002, 2.60995720e-002, -8.40446819e-003,
       -3.20561603e-002, 2.04104073e-002, 1.71255842e-002,
       3.02999206e-002, 2.94787083e-002, -1.70914326e-002,
       7.71374907e-003, -1.89962995e-003, -2.63086278e-002,
       3.20035592e-002, -2.59176902e-002, 2.63014529e-002,
       7.42089003e-003, 1.13620469e-002, 1.13557279e-002,
       3.09972279e-002, -2.47781277e-002, 3.25443633e-002,
       2.03905609e-002, -1.93111366e-003, -3.30412504e-003,
       1.48664620e-002, -2.51444597e-002, 3.42661911e-003,
       -3.70354205e-002, 2.51467200e-003, -3.40801962e-002,
       -2.87791509e-002, 1.34471189e-002, -5.39084747e-002,
       1.30972574e-002, -9.88281239e-003, -3.27802338e-002,
       5.05184336e-003, 4.10550646e-002, -1.66063737e-002,
       -4.11715657e-002, -1.63309444e-002, -4.96817268e-002,
       1.04645966e-002, -4.47879471e-002, 1.08925151e-002,
       -2.71977372e-002, -8.66444595e-003, 2.15548500e-002,
       7.49056647e-003, 4.65981103e-002, 3.22487466e-002,
       -1.05108265e-002, 3.62619534e-002, 4.20966037e-002,
       -1.05551807e-002, -1.70522705e-002, 6.80674240e-002,
       -4.09181379e-002, -2.91738613e-003, 5.97056001e-002,
       4.34767678e-002, 6.37926459e-002, 2.08672285e-002,
       -2.23280750e-002, 8.50756373e-003, 8.34769942e-003,
       4.20800634e-002, 1.20764589e-002, 4.93149608e-002,
       -2.68423315e-002, -2.12723040e-003, 1.79368425e-002,
       3.46941799e-002, -7.09847063e-002, -9.49514098e-003,
       -7.80721661e-003, 6.09138981e-002, -2.39381995e-002,
       1.15389004e-003, 8.63634702e-003, 9.62680355e-002,
       3.39172222e-002, -2.42375024e-003, -1.42065911e-002,
       8.76232330e-003, -4.60596709e-003, 1.89043488e-002,
       -1.94126852e-002, -2.83310246e-002, -2.34511644e-002,
       -1.62872970e-002, -1.47803267e-002, -3.72565947e-002,
       -3.93431634e-002, 1.07574118e-002, 4.76230076e-003,
       1.83230620e-002, 3.50684896e-002, -7.99245238e-002,
       -8.83361846e-002, -4.63727750e-002, -4.02024575e-003,
       3.17203999e-002, -1.04936315e-002, 8.39093234e-003,
       -8.35904330e-002, -1.29094850e-002, 2.68139280e-002,
       1.62775405e-002, 2.96974089e-002, 4.00746912e-002,
       -6.75467262e-003, 3.46414112e-002, 6.16883673e-002,
       -8.95517226e-003, -2.20249053e-002, 5.82723087e-003,
       4.73264717e-002, 7.54822092e-003, 1.89534947e-002,
       -6.12102821e-003, -3.12688276e-002, 1.34728076e-002,
       1.72231924e-002, 1.97558198e-002, 1.90080330e-002,
       -3.68529223e-002, -1.25888996e-002, 9.23639920e-004,
       2.98523940e-002, -4.67885621e-002, 1.98012590e-002,
       -3.65400426e-002, 6.45626709e-002, 1.93804316e-002,
       1.51170893e-002, 1.36407791e-002, -3.67158130e-002,
       -7.42095709e-002, 5.36705293e-002, -4.38358635e-003,
       -6.61995709e-002, 4.22244221e-002, -9.77678504e-003,
       1.74331069e-002, 1.55177638e-002, 1.10439938e-002,
       4.90392111e-002, 3.15622427e-002, -2.34646033e-002,
       -6.58618705e-003, 5.80787733e-002, 5.27608907e-003,
       -3.18495221e-002, -2.46055936e-003, -1.21505531e-002,
       -5.79617620e-002, 1.93004031e-002, -2.79593114e-002,
       3.57935242e-002, 7.87346717e-003, -5.33105507e-002,
       -1.04023528e-003, 5.33059649e-002, -2.64241211e-002,
       -1.12122558e-002, -6.76700473e-002, -1.17420116e-002,
       2.30376218e-002, -3.71241458e-002, 4.36160825e-002,
       1.90822203e-002, 1.23791480e-002, -3.35556418e-002,
       2.54360624e-002, -3.42609733e-002, 5.07040322e-003,
       8.56730491e-002, 3.34768891e-002, 4.32029627e-002,
       5.26299626e-002, 1.10499030e-002, 4.85709794e-002,
       -3.90047580e-002, -3.45448568e-003, 2.53650565e-002,
       2.69535799e-002, 2.56607011e-002, -4.24605273e-002,
       -9.77071468e-003, -1.25094922e-002, 5.44434451e-002,
       -1.56915560e-002, -1.45011973e-002, -1.19111259e-002,
       -1.12031691e-001, -5.29231578e-002, 3.13024037e-003,
       -3.53396162e-002, -2.36128122e-002, 1.85086168e-002,
       4.07834463e-002, -1.45794060e-002, -8.59124586e-003,
       2.57710889e-002, 2.57140870e-004, 2.86782961e-002,
       8.20769370e-003, 2.97053214e-002, 7.52540305e-002,
       -7.95022212e-003, 5.18941134e-003, -1.26363952e-002,
       -1.26483152e-002, -5.55676930e-002, 2.30668634e-002,
       3.46637852e-002, 2.35091858e-002, 6.88330876e-003,
       -1.41471410e-002, 4.17321883e-002, -4.96362075e-002,
       -8.08064640e-003, -9.12285503e-003, 2.78849676e-002,
       4.99454029e-002, 1.08923111e-002, 6.12682030e-002,
       -2.97326799e-002, 7.77600110e-002, 2.81434339e-002,
       3.31248194e-002, -3.40543166e-002, 5.97907715e-002,
       -3.12826000e-002, -3.32219079e-002, 1.34848729e-002,
       5.47480723e-003, 4.29470837e-002, 3.18658538e-002,
       2.22465629e-003, -2.55006682e-002, -1.22178234e-002,
       -4.06290442e-002, 1.97937805e-002, 2.66201664e-002,
       -7.80898379e-003, 3.42456927e-003, -2.55929902e-002,
       2.34507248e-002, 1.71208531e-002, 4.19419184e-002,
       -4.26668767e-003, 2.56382208e-002, -1.00445986e-001,
       -2.66508404e-002, 5.09838648e-002, 3.72671001e-002,
       -3.68122905e-002, 2.77747307e-002, -2.99375895e-002,
       5.29289655e-002, -4.46706451e-003, 2.94709317e-002,
       -1.30830624e-003, -1.48740634e-002, 7.99305737e-003,
       -5.47415297e-003, -1.67745762e-002, 4.72661853e-002,
       -2.62042545e-002, -1.67859495e-002, -6.48273760e-003,
       -1.34933954e-002, -3.86304036e-003, 4.16322611e-002,
       3.80523223e-003, -5.59151508e-002, -5.06858248e-003,
       -2.96139158e-002, 2.48214435e-002, -5.85346855e-003,
       7.04052448e-002, 4.45370898e-002, -7.53325270e-003,
       -1.35839051e-002, 9.02035367e-003, -4.49363217e-002,
       -1.18062114e-002, -1.16700316e-002, 1.24436822e-002,
       7.02535585e-002, -4.20637056e-003, -1.94114372e-002,
       2.69836634e-002, -2.32789498e-002, 4.87935636e-003,
       1.51731484e-002, -4.33493927e-002, -2.56053414e-002,
       2.02506911e-002, -1.38151944e-002, 5.09816669e-002,
       -1.60410476e-003, 9.40720737e-003, 2.36502029e-002,
