%YAML:1.0
number: 1
data_0: !!opencv-matrix
   rows: 1
   cols: 768
   dt: f
   data: [ 4.00231667e-002, -8.41551051e-002, -1.32157877e-001,
       4.98894341e-002, 2.23126411e-002, -7.83378333e-002,
       1.33639174e-002, 4.08450104e-002, -3.19392979e-002,
       -5.74937761e-002, 6.00046106e-002, 3.61304358e-002,
       -5.88637441e-002, 2.41934136e-002, 5.20738550e-002,
       2.40421705e-002, 3.09022944e-002, -2.10426375e-002,
       6.46448061e-002, -4.67469953e-002, 3.32089290e-002,
       -2.08180677e-002, -3.42719592e-002, 5.69041539e-003,
       3.40936780e-002, -4.26257867e-003, 6.52838051e-002,
       -4.80899494e-003, -5.56985065e-002, -5.07165045e-002,
       -3.47514683e-003, -2.56883651e-002, -1.69581492e-002,
       3.21313553e-002, 3.35165747e-002, -3.50383893e-002,
       -4.27547731e-002, 6.48984015e-002, -8.59684944e-002,
       3.17636790e-004, 2.36879941e-002, 7.81578869e-002,
       3.20091210e-002, 6.23923652e-002, 5.33901937e-002,
       -6.13977090e-002, 8.28412324e-002, 1.55328428e-002,
       -7.01770410e-002, -8.94106284e-004, -6.49854541e-002,
       -4.60970635e-003, 2.77987570e-002, 1.40139740e-002,
       -5.02890646e-002, -9.25167650e-003, 1.91245892e-003,
       -3.38002406e-002, -3.42891105e-002, 1.39609687e-002,
       -1.14635872e-002, 1.26663493e-002, -4.33782861e-003,
       -8.17402005e-002, 7.26345405e-002, 4.46572155e-002,
       -7.17806369e-002, -2.06589680e-002, 5.28154373e-002,
       -5.74305318e-002, 7.12763891e-002, -3.43617387e-002,
       5.79434028e-003, 6.77847490e-002, 2.63314620e-002,
       9.30441730e-003, 7.60628376e-003, 4.13399115e-002,
       -3.74766923e-002, 3.97130027e-002, 6.84832688e-003,
       -6.35323487e-003, 4.16919999e-002, 4.56381869e-003,
       -2.85504293e-002, 2.32303068e-002, 5.02796397e-002,
       2.91655269e-002, 3.17007340e-002, 1.31129585e-002,
       1.30869972e-003, 3.03696375e-002, -6.37387559e-002,
       6.79287035e-003, 3.26614641e-002, 1.99669339e-002,
       -4.73564379e-002, -5.50442201e-004, 4.06042747e-002,
       -4.25654352e-002, 1.51975192e-002, -4.55351137e-002,
       6.93783462e-002, 5.79768643e-002, -8.55124183e-003,
       1.48847129e-003, -4.51661646e-002, -3.68193425e-002,
       -1.76555999e-002, 3.31113487e-002, 5.79116233e-002,
       1.86684523e-002, -1.36340372e-002, -3.07631418e-002,
       2.32224949e-002, 1.75149404e-002, -1.93870477e-002,
       -1.84740988e-003, 4.57749031e-002, -2.25908030e-002,
       2.05614716e-002, -1.93627886e-002, -1.08034220e-002,
       3.60330194e-002, -2.79738684e-003, -6.24931604e-002,
       -6.63067726e-003, -2.18226165e-002, -2.46922113e-002,
       9.93688218e-003, 4.70273383e-002, -4.03144993e-002,
       6.97804242e-003, -1.08492278e-001, 2.08134409e-002,
       -2.20617699e-003, -3.48358303e-002, -3.87470312e-002,
       -1.17702950e-002, -1.11076515e-002, 3.05035021e-002,
       -5.89645505e-002, 5.22806458e-002, 3.99528556e-002,
       -2.72016358e-002, -6.82517886e-003, -2.50860993e-002,
       8.61124787e-003, 6.68180780e-003, -3.50017734e-002,
       -9.76843201e-003, 3.12306117e-002, 1.07239746e-001,
       -3.55370832e-003, -1.83145981e-002, -3.95113267e-002,
       5.47406413e-002, 9.07161832e-003, 6.42524064e-002,
       -3.04305889e-002, 4.23927456e-002, 7.07822293e-002,
       -2.02156436e-002, 1.28809176e-002, 4.95113023e-002,
       9.91137605e-003, 2.38693729e-002, -2.99649555e-002,
       8.47778842e-002, 4.26099310e-003, -6.41249195e-002,
       -3.47073413e-002, 7.80262053e-002, 1.39997862e-002,
       3.30782123e-002, 3.44345644e-002, 1.51961492e-002,
       5.75754717e-002, -7.45432302e-002, -1.44098243e-002,
       -3.13484930e-002, 2.05163211e-002, 2.13706791e-002,
       -4.96197119e-002, -3.71299032e-003, 1.70833780e-003,
       5.81838749e-002, 6.94180187e-003, 9.81319323e-003,
       -5.23853581e-003, -5.27101010e-003, 5.31729823e-003,
       8.78773816e-003, -5.73471636e-002, -5.81068210e-002,
       -1.01450039e-002, 6.97283214e-003, 3.78435999e-002,
       5.60983457e-003, -2.30160332e-003, 4.30278070e-002,
       2.49470957e-002, 1.05740214e-002, 4.81782891e-002,
       2.18054298e-002, 3.81322429e-002, 4.81920987e-002,
       -6.65715290e-003, -7.62321521e-003, 8.40697996e-003,
       -7.82416202e-003, 8.23834445e-003, 4.79845069e-002,
       8.70030094e-003, -1.05608366e-002, -2.97985394e-002,
       -2.95240134e-002, -3.24482955e-002, 2.00483110e-002,
       -4.71107699e-002, 6.98845312e-002, -2.48827077e-002,
       5.62054180e-002, -2.06387639e-002, -1.24544306e-002,
       -6.87454194e-002, 7.93653950e-002, 2.54939236e-002,
       1.54900672e-002, -1.25975837e-003, -3.41561437e-002,
       -1.91963557e-002, 1.60356704e-002, -1.14965467e-002,
       5.83502930e-003, -9.80889518e-003, -2.82156765e-002,
       3.63768600e-002, -8.38360339e-002, 3.78180966e-002,
       4.43136506e-002, 1.05926413e-002, 8.33480712e-003,
       1.48277180e-002, 3.69517040e-003, 7.84222111e-002,
       -3.14971320e-002, -3.05262897e-002, 1.41423624e-002,
       -3.05240061e-002, 6.15159795e-002, 7.12828040e-002,
       6.14504144e-002, -2.08886210e-002, -3.74559537e-002,
       1.98478755e-002, 5.40376566e-002, 7.84190744e-003,
       1.64280063e-003, -4.38443758e-003, -4.44475673e-002,
       -7.87603110e-003, -3.47152241e-002, -3.79673229e-003,
       4.48042341e-002, 4.98294048e-002, -2.41941381e-002,
       2.38077473e-002, -4.88646775e-002, 4.37274687e-002,
       1.16529716e-002, -4.08887165e-003, -1.13200983e-002,
       1.71304233e-002, -1.56807769e-002, 6.66627586e-002,
       -3.65079008e-002, 4.08437699e-002, -4.00402099e-002,
       -4.04465906e-002, -2.22247131e-002, -1.44695127e-002,
       1.34119438e-002, -2.24087574e-002, 5.38774244e-002,
       -3.39038521e-002, -4.54574600e-002, -3.38848084e-002,
       -3.93438302e-002, -9.38822236e-003, -2.17076279e-002,
       -1.83416326e-002, -1.05169751e-002, 2.71357875e-002,
       -1.87626332e-002, -2.65285559e-002, 3.23934183e-002,
       2.20706463e-002, 1.92439836e-002, -2.91168205e-002,
       4.94717397e-002, 2.62153391e-002, 1.73762888e-002,
       3.61634083e-002, 2.55416110e-002, 3.31384465e-002,
       -2.24250462e-002, -4.36915114e-004, 6.21522823e-003,
       7.38612190e-002, 1.37330666e-002, 2.64281090e-002,
       -5.90980724e-002, 1.87291913e-002, -3.48287895e-002,
       -1.21496571e-002, 5.50950095e-002, 8.23651999e-002,
       -1.10510373e-002, 2.28129514e-002, 1.94029696e-002,
       4.02242616e-002, 3.24480794e-002, 2.24039126e-002,
       -3.40313162e-003, -2.88225822e-002, 3.00207827e-002,
       -1.65878776e-002, 2.50642095e-002, -1.18867960e-002,
       3.04141175e-002, 6.02447093e-002, 1.45924482e-002,
       -5.17110014e-003, 6.96577737e-003, -2.38504913e-002,
       -3.33748609e-002, 6.38574436e-002, 9.33257788e-002,
       4.75118682e-002, -6.65658489e-002, -5.87865859e-002,
       -1.38012270e-004, -1.72725692e-002, 5.08127473e-002,
       5.31254103e-003, -2.89995526e-003, 1.83448996e-002,
       -3.43886726e-002, -2.39367411e-002, 2.32478809e-002,
       4.80256975e-002, 8.41262471e-003, 1.31399473e-002,
       -6.70346394e-002, 9.65794642e-003, 2.58048736e-002,
       5.78350015e-002, 6.40177578e-002, -9.25735012e-003,
       -6.22772425e-003, 5.16204983e-002, 4.95963208e-002,
       -2.49137245e-002, 1.19777629e-002, -4.98192720e-002,
       -3.88864055e-003, -1.52546503e-002, -5.19378157e-003,
       -3.80880944e-002, -7.93401152e-002, 8.06206241e-002,
       -5.86413629e-002, 5.26761711e-002, -1.90295726e-002,
       2.33901851e-002, 2.88004484e-002, 8.10887218e-002,
       3.43479440e-002, -1.16341496e-002, -6.16519824e-002,
       4.03144881e-002, -4.29884084e-002, -3.19193006e-002,
       3.11771166e-002, 3.75322290e-002, 4.19774018e-002,
       -1.10594640e-002, -1.37374573e-003, -2.89834589e-002,
       1.36183128e-002, 3.75452335e-003, -6.53543249e-002,
