%YAML:1.0
number: 1
data_0: !!opencv-matrix
   rows: 1
   cols: 768
   dt: f
   data: [ -1.45291453e-002, -1.37940526e-001, -1.11034185e-001,
       6.28372356e-002, 3.00637409e-002, -6.85894638e-002,
       1.95122156e-002, 1.10796563e-001, -3.34217995e-002,
       -8.98962542e-002, -1.05829509e-002, 5.00052720e-002,
       -3.79097685e-002, 5.05341776e-002, 9.60524939e-003,
       2.41850200e-003, -3.12860385e-002, 2.74582710e-002,
       2.55713500e-002, 2.88755782e-002, 3.87584306e-002,
       2.57641897e-002, -4.37571965e-002, 3.95407453e-002,
       -1.24124372e-002, -3.67915891e-002, 3.92242596e-002,
       5.52974269e-003, -6.95868880e-002, -8.72059632e-003,
       5.66191156e-004, 2.62078247e-003, -1.11042194e-001,
       -1.20566599e-002, 6.60777837e-003, 3.28066177e-003,
       -5.22839576e-002, -2.85810549e-002, -4.11537066e-002,
       1.81830823e-002, -1.08148642e-002, -1.13113970e-003,
       -2.86560841e-002, -1.71243604e-002, -3.15790139e-002,
       3.10690273e-002, 5.84782986e-003, 1.58531982e-002,
       -8.32317322e-002, 1.88802779e-002, -4.80691306e-002,
       -1.78574938e-002, 4.27080132e-002, 6.49021640e-002,
       -2.84458348e-003, -8.47810507e-003, -1.35552222e-002,
       3.50106619e-002, 1.55382045e-003, -7.84184597e-003,
       4.97277789e-002, 6.78019226e-002, -4.55424301e-002,
       -2.77058862e-004, 4.80139516e-002, 1.05100879e-002,
       5.30376770e-002, 1.42671252e-002, 2.96907723e-002,
       1.69216264e-002, 8.01264867e-003, -6.15517562e-003,
       9.30780247e-002, 8.76557156e-002, -8.88288543e-002,
       7.92522635e-003, -1.55561836e-002, -1.52361591e-003,
       -3.71569656e-002, -5.33580743e-002, -2.58154813e-002,
       -1.59213487e-002, -1.13029648e-002, -5.12328297e-002,
       -2.51816921e-002, -4.98186499e-002, 1.46745387e-002,
       4.35602479e-003, -1.97085310e-002, 3.61615457e-002,
       4.13799770e-002, 3.93091794e-003, -4.50178124e-002,
       -2.20517945e-002, 2.15980262e-002, 4.70427936e-003,
       1.02231754e-002, -2.70980466e-002, 4.77050804e-003,
       3.11199911e-002, 3.76474857e-002, 2.17409953e-002,
       1.69399530e-002, 6.25315830e-002, -3.97159010e-002,
       6.39298409e-002, -3.13983820e-002, -2.26460658e-002,
       -2.94937193e-002, -1.69981569e-002, -4.40789238e-002,
       2.83198114e-002, 1.98720838e-003, 2.24850848e-002,
       7.33267888e-002, 3.50986607e-002, -3.20353955e-002,
       1.51848281e-002, -4.11744043e-002, 6.30807830e-004,
       -1.41390990e-002, 1.92461852e-002, 4.54085413e-003,
       5.26452949e-003, 8.00049528e-002, 3.53686288e-002,
       1.18585452e-002, 4.13345359e-002, -1.75154209e-002,
       -2.75915060e-002, 3.51354256e-002, 9.86193344e-002,
       4.11405452e-002, 1.18805291e-002, -3.58294547e-002,
       1.17719723e-002, -5.70106134e-003, -1.80230625e-002,
       9.84578133e-002, -3.17608155e-002, 9.62170679e-003,
       2.93927407e-003, 6.32838299e-003, -3.30720283e-002,
       3.97660099e-002, 4.26758006e-002, 4.92262468e-002,
       3.60902958e-002, 1.32498553e-003, 3.78328040e-002,
       3.96361724e-002, -1.05577772e-002, 5.26967868e-002,
       -1.22534139e-002, -6.41930550e-002, -2.20986512e-002,
       -5.83289936e-002, 1.85999963e-002, -5.72363660e-003,
       5.74609749e-002, 2.06797365e-002, 4.79256399e-002,
       -6.88947216e-002, 1.71335619e-002, -2.10191612e-003,
       5.44839129e-002, -5.42068249e-003, -4.72674035e-002,
       -3.60025316e-002, 3.16318199e-002, 3.15558687e-002,
       1.14426995e-003, 3.04352660e-002, -1.07812760e-002,
       -5.46231791e-002, 1.52429901e-002, -3.40347327e-002,
       -1.99350640e-002, -2.69869342e-002, -3.90657820e-002,
       1.13660907e-002, 8.75501931e-002, 5.48331514e-002,
       6.46102130e-002, -3.30492742e-002, -1.92356687e-002,
       -4.06130776e-002, 5.61549421e-003, -8.58616680e-002,
       -9.00309719e-003, 3.45427804e-002, -3.02487332e-002,
       1.30084958e-002, -1.77418347e-002, -2.08917856e-002,
       -2.71236096e-002, 3.25931422e-002, 1.90079194e-002,
       -1.26150185e-002, 5.05626723e-002, 8.17319471e-003,
       3.12277302e-002, 1.74161699e-002, 3.38005386e-002,
       2.52202395e-002, 5.43128885e-002, -8.30909889e-003,
       -3.52864936e-002, -1.88299324e-002, -3.32432464e-002,
       5.00064380e-002, 1.76692940e-002, 6.93807378e-002,
       -2.42890622e-002, 1.52521618e-002, -3.00359353e-002,
       -4.88821827e-002, 3.74196470e-003, -1.73904952e-002,
       -4.53911237e-002, -1.63510647e-002, 2.37554684e-002,
       -8.50173552e-003, 1.97253376e-002, -1.44465892e-002,
       -4.15126840e-003, 6.33198675e-003, -8.06606039e-002,
       1.33979078e-002, 2.47731013e-003, 4.29403447e-002,
       8.49156734e-003, 5.34723252e-002, 1.00734970e-002,
       2.73748562e-002, -1.49620110e-002, 4.75564152e-002,
       4.00772430e-002, -2.20582150e-002, 1.54412854e-002,
       -1.40706934e-002, 2.19013519e-003, 2.21002400e-002,
       -2.62871850e-002, -2.01861411e-002, 4.86981235e-002,
       -6.01047724e-002, -5.21471612e-002, 6.04206696e-002,
       -3.26789357e-002, 4.75928746e-003, -1.69204455e-002,
       3.92871164e-002, -3.07611469e-002, 8.92296154e-003,
       1.32413693e-002, 5.66010438e-002, 4.81855962e-003,
       -2.36116955e-003, 1.16977571e-002, 1.82862915e-002,
       -1.18106641e-002, -3.41972746e-002, 5.88891692e-002,
       -3.29998694e-002, 1.95955765e-002, 1.20296050e-003,
       2.68448573e-002, -7.72167593e-002, 3.18691991e-002,
       2.08184738e-002, 2.62390152e-002, 2.16158573e-002,
       2.61145569e-002, 1.08819688e-002, 1.26401661e-002,
       3.62811945e-002, -6.36532754e-002, -5.59032969e-002,
       -8.02554656e-003, 2.84051858e-002, -4.41611484e-002,
       -5.99997444e-003, 3.17753479e-002, -2.10906845e-003,
       -4.88160066e-002, 2.40516774e-002, -3.61684076e-002,
       4.67770062e-002, -7.69726336e-002, 1.18464651e-002,
       5.41086979e-002, 2.42760982e-002, -5.45257851e-002,
       5.47647513e-002, 1.53532689e-002, -1.27373533e-002,
       3.72677855e-002, -5.40810525e-002, -4.03020531e-003,
       -5.64974919e-002, 9.85300448e-003, 5.74439727e-002,
       -2.65371092e-002, -1.43376715e-003, -2.11905073e-002,
       1.08801369e-002, -7.12703913e-004, -1.75002590e-002,
       -3.56172882e-002, -3.65789197e-002, 7.62105407e-003,
       -2.76060943e-002, 9.76560917e-003, 1.31452344e-002,
       3.06230634e-002, -2.43612472e-002, -4.56802994e-002,
       1.21354032e-002, 4.34668176e-002, -1.83390435e-002,
       5.21035790e-002, 5.44711091e-002, -3.81890349e-002,
       -9.90767591e-003, -2.13922765e-002, -1.73856113e-002,
       -1.61542336e-003, -4.72751493e-003, -1.34101016e-002,
       1.14444299e-002, 2.52482258e-002, 8.56692120e-002,
       -3.19754444e-002, -4.86611202e-002, 5.65930875e-003,
       7.27024535e-003, 5.35634756e-002, 3.55327688e-002,
       2.96649113e-002, -4.98623364e-002, -1.12965088e-002,
       -1.25018619e-002, -3.00254412e-002, 4.71379943e-002,
       -2.60210875e-002, 3.85436118e-002, -4.21508066e-002,
       -4.18008193e-002, 3.09547726e-002, 2.02244371e-002,
       2.47740565e-004, 6.10705325e-003, -5.82544971e-003,
       -4.30446342e-002, 7.13204890e-002, -1.71330776e-002,
       -3.30460519e-002, 1.07174963e-002, -1.23385981e-001,
       -4.39993627e-002, 8.34661722e-003, -4.77968939e-002,
       -4.60366011e-002, -5.51542789e-002, -2.02331264e-002,
       -1.78294200e-002, -5.85854810e-004, 2.86142491e-002,
       -2.11776085e-002, 3.12864669e-002, -8.19657743e-003,
       2.55046296e-004, 1.07825939e-002, 7.26203695e-002,
       8.32386687e-002, 2.41725650e-002, 5.35685830e-002,
       -2.73782853e-003, 2.24900013e-003, 2.98131574e-002,
       -2.91701537e-002, 3.84506173e-002, 1.55712944e-002,
       3.26037519e-002, 7.37761259e-002, -3.39175481e-003,
       1.93225238e-002, -3.54589801e-003, -1.57311447e-002,
       -1.15531124e-002, 3.38648409e-002, 1.87616888e-002,
