%YAML:1.0
number: 1
data_0: !!opencv-matrix
   rows: 1
   cols: 768
   dt: f
   data: [ 1.54461013e-002, -1.41194612e-001, -1.39494732e-001,
       7.10039958e-002, 1.55587513e-002, -1.05243690e-001,
       -2.63604503e-002, 4.41715643e-002, -2.97059752e-002,
       -1.00705132e-001, 4.70722653e-002, -1.22469943e-002,
       -5.50267585e-002, 2.21316908e-002, 5.18931672e-002,
       -2.47646496e-003, 1.97190996e-002, 1.99864060e-002,
       1.40535897e-002, -4.25186157e-002, 9.36649293e-002,
       -5.13865240e-002, 5.92014380e-003, -1.09349387e-002,
       -3.56650054e-002, -1.34184277e-002, 8.75692815e-002,
       2.30568908e-002, -1.97815709e-002, 1.87083222e-002,
       5.73283713e-003, -2.68684775e-002, -1.96519867e-003,
       -2.01896839e-002, 6.80284798e-002, -3.66913751e-002,
       3.15092318e-002, 1.31662386e-002, -1.53708756e-002,
       -4.15956229e-002, -3.49798873e-002, 5.34208789e-002,
       4.75161262e-002, 3.08582112e-002, 2.20136959e-002,
       -4.20317166e-002, 1.54065359e-002, 4.02911156e-002,
       -3.52149159e-002, -2.51001623e-002, -5.23196720e-002,
       -7.42802173e-002, 2.15358101e-002, 9.08114575e-003,
       -3.38876322e-002, 4.45934292e-003, 2.87063029e-002,
       -4.51269373e-002, -4.05514427e-002, -3.09756398e-002,
       1.04952585e-002, 6.34994870e-003, 2.04288885e-002,
       9.80941206e-003, 7.39569888e-002, 7.15815788e-003,
       -7.83106759e-002, 2.06617676e-002, 5.52048674e-003,
       -1.80405453e-002, 1.02913432e-001, 1.81850009e-002,
       -1.90149136e-002, -2.72849724e-002, 1.62923299e-002,
       -3.61525430e-003, 4.77493145e-002, 5.24303839e-002,
       -3.66590060e-002, -1.60212927e-002, 4.34523337e-002,
       -1.05606823e-003, 3.31653282e-002, -6.53539300e-002,
       2.89335866e-002, -2.87358798e-002, 4.97780330e-002,
       -1.10660959e-002, -4.90648448e-002, 5.40332943e-002,
       7.02916598e-003, 6.96414709e-003, 1.24304090e-003,
       2.30391044e-002, 4.53638770e-002, 1.13111474e-001,
       -5.85174598e-002, 5.96045740e-002, -1.43415872e-002,
       -1.33426869e-002, 1.52061274e-002, 1.53588438e-002,
       4.28213142e-002, 3.58656305e-003, -3.45831551e-002,
       1.90697098e-003, -3.81519482e-003, 9.10427868e-002,
       1.03123691e-002, 1.00271171e-002, -3.98730561e-002,
       3.55576836e-002, 2.32114680e-002, 2.57887803e-002,
       5.42617962e-003, 1.15462700e-002, -2.90683880e-002,
       -1.39479050e-002, -8.95442348e-003, -2.58758478e-002,
       6.55212924e-002, 3.38869393e-002, 1.70819033e-002,
       4.99398401e-003, -3.75398854e-003, 9.46986582e-003,
       -1.00949341e-002, 2.48244163e-002, -7.01875910e-002,
       1.04021858e-002, -7.55894976e-003, -5.86800203e-002,
       -3.07613369e-002, 1.82952695e-002, -3.25448923e-002,
       4.32141908e-002, 5.84013469e-005, -1.07809054e-002,
       -4.09747474e-003, 9.10529122e-003, 3.81007046e-002,
       -2.25977916e-002, -3.11024394e-002, 3.75382118e-002,
       -3.48934568e-002, 7.50503689e-002, -5.89880273e-002,
       -2.40247957e-002, 1.07975155e-002, -2.13814545e-002,
       -1.01762386e-002, -3.22707407e-002, 4.95419204e-002,
       4.12088772e-003, 2.60535348e-002, -2.43746140e-003,
       -3.36903222e-002, 6.94113970e-003, 4.00919802e-002,
       -6.59975186e-002, 3.93669568e-002, 3.75752226e-002,
       1.42168039e-002, -1.63292270e-002, 5.80023937e-002,
       7.25649372e-002, -4.87771742e-002, -5.02040833e-002,
       5.71791008e-002, 5.13194688e-002, -4.27695103e-002,
       1.74525119e-002, 2.57012676e-002, -1.37686748e-002,
       2.28768960e-002, 6.08635927e-003, -2.63517871e-002,
       -2.14024521e-002, -4.30235639e-002, -1.89117510e-002,
       -6.37539849e-002, 3.87477465e-002, -1.30630592e-002,
       1.86057445e-002, 3.00670462e-003, -4.61510867e-002,
       2.23752595e-002, 3.05795800e-002, -1.41320061e-002,
       -5.62126897e-002, 3.67438160e-002, -2.16165222e-002,
       -9.44325980e-003, -8.79874919e-003, -1.43177779e-002,
       2.49426626e-002, -1.21608302e-002, 1.27715862e-003,
       -1.81338526e-002, 9.59687401e-003, 5.99104539e-002,
       1.55265974e-002, -3.69333811e-002, 7.90539011e-002,
       1.23070432e-002, 2.07342636e-002, -1.39042549e-002,
       -1.96776446e-002, -7.41065340e-003, 6.17805757e-002,
       -6.58513559e-003, 3.10807787e-002, 3.08762882e-002,
       -2.34701391e-002, 6.08383911e-004, -3.33336294e-002,
       -8.90113413e-002, -3.36370803e-002, -6.16744254e-003,
       -1.35353617e-002, 9.17762052e-003, -1.83183514e-002,
       -1.43317413e-002, -1.52262198e-002, -5.47102056e-002,
       -7.03871856e-003, 9.15066972e-002, 1.50497658e-002,
       -1.65506303e-002, -3.41286622e-002, -8.41347203e-002,
       -1.90588832e-002, -2.91815083e-002, -4.28875759e-002,
       1.95214320e-002, 8.47609434e-003, 4.14585322e-002,
       4.39040065e-002, -3.25632580e-002, -3.50108780e-002,
       5.96319623e-002, 3.68834299e-004, -4.13822912e-004,
       5.48069598e-003, 2.19817180e-002, 4.37321365e-002,
       2.38781981e-003, -2.20668316e-002, -1.79785807e-002,
       5.26212389e-004, 1.81092471e-002, 3.55685055e-002,
       1.24156484e-002, 1.65381655e-002, -8.57853442e-002,
       -3.11158337e-002, 3.39714922e-002, -1.57320816e-002,
       1.74556649e-003, -4.80180457e-002, 1.72838811e-002,
       6.05976284e-002, 1.82731193e-003, 2.19168351e-003,
       -5.46953343e-002, 1.13314256e-001, -7.41870850e-002,
       1.08260177e-002, -8.59024562e-003, 7.96864834e-003,
       3.93112116e-002, 1.10344831e-002, -2.39773258e-003,
       -8.89195222e-003, -4.53998111e-002, -3.83293703e-002,
       -3.85369621e-002, -7.76450196e-003, 2.28067674e-002,
       1.35282082e-002, 2.06587296e-002, -3.38096321e-002,
       1.93308070e-002, -1.00140739e-002, -1.67611558e-002,
       -4.57848795e-002, -3.20988074e-002, -3.83658670e-002,
       3.46861929e-002, 4.66058701e-002, -5.85630722e-002,
       -4.59971987e-002, 2.41633430e-002, 3.71528193e-002,
       4.38373908e-003, 4.93784212e-002, -1.57084111e-002,
       2.99739968e-002, 4.35887021e-004, 2.51655211e-003,
       4.93428931e-002, -2.35767122e-002, 3.85712599e-003,
       3.22760176e-003, 1.47542693e-002, 6.47575967e-003,
       -7.77618168e-003, -4.95353155e-002, 4.91566025e-003,
       3.60632055e-002, -2.42033284e-002, -1.03854924e-001,
       1.33590372e-002, 3.15715894e-002, 2.79027969e-002,
       6.24724813e-002, 3.58436517e-002, -3.46630029e-002,
       -3.42982560e-002, -2.44155917e-002, 6.50706217e-002,
       1.74000971e-002, 7.53688216e-002, 1.22545641e-002,
       -1.54397618e-002, -4.75133955e-002, 6.26674369e-002,
       -5.00271544e-002, -1.69661213e-002, -2.94819307e-002,
       1.18597522e-002, 1.86468456e-002, 2.69157011e-002,
       3.49547714e-003, 2.17079874e-002, 2.01182142e-002,
       1.15631334e-002, -2.73113837e-003, 2.89326049e-002,
       1.30234808e-002, -2.59925090e-002, 2.13271305e-002,
       2.24044267e-002, -3.48780751e-002, 8.06721449e-002,
       5.11198565e-002, -1.00240201e-001, 1.27224717e-002,
       -4.55090329e-002, -2.83679403e-002, -3.23122926e-002,
       -6.74084798e-002, 2.91453246e-002, -3.39500941e-002,
       -2.18428895e-002, -1.98244024e-002, -4.15102951e-002,
       5.15143871e-002, -4.36461493e-002, 1.38507728e-002,
       -8.48939419e-002, -5.59166856e-002, 5.99125996e-002,
       -7.35017508e-002, -2.04554963e-004, -2.23537125e-002,
       -2.88674142e-002, -4.09715809e-003, -2.75419056e-002,
       -4.69569489e-003, 2.59084906e-002, 6.30832091e-002,
       -7.64674246e-002, 3.37073617e-002, -5.91833377e-003,
       1.07723270e-002, -4.62502940e-003, 1.53222904e-002,
       1.56306829e-002, 2.37281732e-002, -2.03187671e-002,
       2.39556227e-002, 1.90017205e-002, -4.64071110e-002,
       -9.85919591e-003, 2.56976150e-002, 3.66288386e-002,
       -3.31842639e-002, -3.01686134e-002, -1.71427932e-002,
       -2.35659946e-002, 8.47542379e-003, -5.14561543e-003,
       5.01739308e-002, -3.83860469e-002, 5.67706376e-002,
       1.20553495e-002, -3.06818914e-002, 1.05950413e-002,
