%YAML:1.0
number: 1
data_0: !!opencv-matrix
   rows: 1
   cols: 768
   dt: f
   data: [ -6.02377404e-004, -1.00530192e-001, -1.59139261e-001,
       8.47630352e-002, -3.78213567e-003, -8.02208781e-002,
       3.92520502e-002, 3.21957134e-002, 1.70083698e-002,
       -4.11593392e-002, 9.85799730e-002, -5.87512329e-002,
       7.00827828e-003, 6.10149018e-002, -1.71376280e-002,
       -1.50876101e-002, -2.85651814e-002, 7.31148720e-002,
       3.48560736e-002, -2.02724040e-002, 4.90447879e-002,
       3.26618142e-002, 4.35360745e-002, -7.32976645e-002,
       -1.03960469e-001, 6.47637947e-003, 4.87674698e-002,
       1.10293683e-002, -2.23369375e-002, -4.21063304e-002,
       -1.19816000e-002, -1.97340245e-003, -3.16643454e-002,
       4.96516675e-002, 5.97305223e-002, -1.23971198e-002,
       6.12699017e-002, 4.66431789e-002, -1.86088979e-002,
       -1.91077497e-002, 4.12100442e-002, 8.35490134e-003,
       1.49049470e-002, 5.65556586e-002, -2.41228640e-002,
       -2.07166895e-002, -2.84032896e-002, -1.03258705e-002,
       2.37505343e-002, 2.67581884e-002, 2.07976606e-002,
       -1.42597100e-002, -1.43656784e-004, -4.26003449e-002,
       4.26085256e-002, -8.23634043e-002, 8.72558057e-002,
       2.60366164e-002, -1.15445055e-001, -1.42771872e-002,
       -1.24410894e-002, 7.56014213e-002, 9.87407286e-003,
       3.94070596e-002, 8.53325054e-002, 5.86265624e-002,
       -1.06142333e-003, -1.15088196e-002, -1.53975692e-002,
       -9.96753294e-003, 2.94065122e-002, -3.41545232e-002,
       3.13211940e-002, 1.39065813e-002, -7.23018646e-002,
       -7.58989006e-002, -1.78347398e-002, -1.93795618e-002,
       2.10059248e-002, -1.82634052e-002, 5.01796119e-002,
       3.53322029e-002, 4.45777411e-003, -3.94272208e-002,
       4.41098176e-002, 6.06363043e-002, -8.48685391e-003,
       -1.48605667e-002, 1.39497162e-003, -1.97189301e-002,
       3.09344172e-003, 2.77531780e-002, -1.58807710e-002,
       5.49389981e-003, -3.21123973e-002, 4.46934439e-002,
       -5.63101508e-002, 3.27504911e-002, 2.12344304e-002,
       -1.20716384e-002, 5.86415827e-002, -3.14666168e-003,
       -3.08782253e-002, 1.20351501e-002, -1.26166129e-002,
       -2.83968952e-002, -5.95137328e-002, 5.03173284e-002,
       1.00350715e-002, -1.81540865e-002, 3.64445560e-002,
       4.17578369e-002, 1.64506920e-002, -3.10206264e-002,
       -5.49618853e-003, 4.72732214e-003, -4.32795612e-003,
       -1.62527151e-002, -3.83637324e-002, -2.14326605e-002,
       6.22271970e-002, -4.49022800e-002, 3.92007828e-002,
       2.72567067e-002, 2.64118463e-002, -3.08851358e-002,
       4.36776243e-002, 5.32664955e-002, -7.73498788e-002,
       3.95265296e-002, 3.61703918e-003, 2.40583327e-002,
       -4.43734601e-002, 2.92350128e-002, 4.33844142e-002,
       4.46954416e-003, -3.00479168e-003, -1.04571097e-001,
       1.51623795e-002, -5.96849015e-003, -1.87938362e-002,
       -7.06906840e-002, -5.46740659e-004, 2.63707470e-002,
       -6.15399191e-003, 5.85107133e-002, 1.17665511e-002,
       -7.59481788e-002, -4.14709486e-002, 5.33915451e-003,
       -3.07610109e-002, 9.09705553e-003, -2.99116895e-002,
       2.08670590e-002, -5.63533343e-002, -1.27938222e-002,
       1.37100127e-002, -4.58943136e-002, 3.29734497e-002,
       3.60347852e-002, 5.87997632e-003, 9.06060170e-003,
       5.82949556e-002, -7.83840343e-002, 2.97865272e-002,
       -7.32638920e-003, -2.40887445e-003, 2.92171035e-002,
       -1.15215387e-002, -4.55004573e-002, -2.49296147e-002,
       2.64230743e-002, 5.39139137e-002, -1.68886706e-002,
       1.08703300e-001, -2.59781629e-002, 9.67145083e-004,
       -1.68613214e-002, -6.13048486e-002, 4.75921929e-002,
       3.05573893e-004, -3.32574137e-002, -1.67598631e-002,
       6.49080658e-003, 4.65009594e-003, 7.36323744e-003,
       -8.79915133e-002, -2.71967761e-002, -2.17323136e-002,
       -2.17388924e-002, 3.69009711e-002, 3.99611183e-002,
       -9.86201875e-003, 2.58761160e-002, -4.96017113e-002,
       3.07090469e-002, 1.55704515e-002, 3.84596884e-002,
       -6.16530655e-003, -6.52697310e-002, 1.43777803e-002,
       -1.18900398e-002, -1.80930700e-002, -1.42197860e-002,
       3.69166657e-002, -2.62194313e-002, -2.05503944e-002,
       4.92957979e-002, 1.32593559e-002, -2.29489431e-002,
       -5.64657450e-002, 2.71696802e-002, -3.27980779e-002,
       -1.43385110e-002, -5.19273197e-003, 1.10137963e-003,
       -5.34752011e-002, -8.35577771e-003, 3.10841501e-002,
       -1.55941453e-002, 9.78642553e-002, 1.79981708e-003,
       -3.83055098e-002, 7.47359246e-002, -3.16569731e-002,
       3.62019651e-002, 3.04655321e-002, -6.08769944e-003,
       -2.89781708e-002, -1.68465858e-003, 1.25026796e-002,
       -6.06446378e-002, -2.71057840e-002, -8.93441029e-003,
       -5.03008766e-003, 2.89393757e-002, 3.94274741e-002,
       -3.08459699e-002, -2.21046694e-002, -3.91310733e-003,
       6.43749237e-002, 5.89278042e-002, 5.94924614e-002,
       -3.06724152e-003, 2.85757240e-002, 2.65430845e-002,
       1.89892051e-003, -1.71285644e-002, 1.96135677e-002,
       -2.96573322e-002, 2.38256920e-002, 2.03153607e-003,
       3.44821773e-002, 5.57165034e-002, -2.29099225e-002,
       -6.60892529e-003, -4.90370812e-003, -2.10030768e-002,
       -5.17623872e-002, 6.97994977e-003, -1.80926435e-002,
       4.93253022e-002, -1.33022377e-002, 1.03765978e-002,
       -3.92396050e-003, 8.51877220e-003, -2.30383519e-002,
       5.00769578e-002, 8.54593664e-002, 3.19437720e-002,
       1.53724402e-002, -2.17880215e-003, 3.71006615e-002,
       5.48365572e-003, -4.78350855e-002, 5.26301423e-003,
       1.26726739e-002, -6.58333674e-003, 7.00653717e-002,
       5.94501570e-002, 2.28260681e-002, -2.84882891e-003,
       -5.38925221e-003, -2.02115830e-002, 4.73324955e-002,
       3.04403603e-002, -5.10092266e-002, 3.94549519e-002,
       1.78534980e-003, 2.79419478e-002, 3.09290458e-002,
       -2.85065342e-002, -2.36131549e-002, -7.70135084e-003,
       1.15628960e-002, 6.11442029e-002, 2.72761541e-003,
       3.74824144e-002, 4.21311557e-002, -4.34122793e-002,
       1.88726466e-002, 2.53700987e-002, 2.67276391e-002,
       2.84937173e-002, 6.34835334e-003, -1.45350117e-002,
       -4.30593714e-002, -6.89701363e-003, 4.79147471e-002,
       3.14499438e-002, 1.09716943e-002, -2.70649008e-002,
       -8.94648209e-002, -2.13789884e-002, -4.85783406e-002,
       1.06550306e-002, 1.58766732e-002, 4.59463671e-002,
       -5.52402698e-002, 3.54199554e-003, -4.68858816e-002,
       1.45872915e-002, -4.57039243e-003, 3.94401327e-003,
       1.05589889e-002, -3.85211706e-002, -5.74814752e-002,
       -2.64959522e-002, -1.67616177e-002, -5.86694703e-002,
       -5.78348152e-002, -3.20802517e-002, 4.26918007e-002,
       -1.47033026e-002, -1.20553933e-002, -2.20033061e-002,
       -2.28026193e-002, 1.29693709e-002, 8.10810179e-002,
       -1.71668082e-002, -1.09004499e-002, 4.21114452e-002,
       6.00461885e-002, 4.70590172e-003, 6.07864335e-002,
       2.36398131e-002, 1.92820113e-002, -3.09440326e-002,
       -1.44756539e-002, 8.86725448e-003, -4.92506474e-002,
       1.41519876e-002, -2.56258692e-003, 1.57505237e-002,
       3.98651995e-002, 4.40306738e-002, -5.70498779e-002,
       8.92619863e-002, 1.33776236e-002, 5.00063822e-002,
       -1.54346309e-003, 1.01924604e-002, 4.97965887e-002,
       2.78288200e-002, 3.25761400e-002, 5.14378259e-003,
       -2.45559383e-002, 7.23774137e-004, 8.44953358e-002,
       3.17542837e-003, 5.70509862e-003, 2.68216897e-003,
       -2.30477918e-002, -2.83031259e-002, 5.54519929e-002,
       8.40596110e-003, 3.43251713e-002, -2.62272786e-002,
       1.13701131e-002, -1.58485677e-002, 6.34264294e-003,
       -1.02856616e-003, 4.79771830e-002, -9.26240161e-003,
       2.44380943e-002, -4.10394883e-003, 4.17970773e-003,
       -2.26775631e-002, -3.81559990e-002, 2.07950687e-003,
       -1.07938256e-002, 4.63734902e-002, -2.67999601e-002,
       -1.03093749e-002, 1.15400366e-002, -5.05512441e-003,
       1.10565471e-002, -4.24834415e-002, -3.26456167e-002,
