%YAML:1.0
number: 1
data_0: !!opencv-matrix
   rows: 1
   cols: 768
   dt: f
   data: [ -9.97340120e-003, -9.37555954e-002, -5.19170947e-002,
       5.65603562e-002, 5.82831986e-002, -1.04747973e-001,
       -1.57240909e-002, 8.68517831e-002, -6.30631717e-003,
       -4.81311567e-002, 4.60901782e-002, -8.05176795e-002,
       2.74712802e-003, 9.58855450e-002, -1.23344539e-002,
       9.94054228e-002, 8.18176102e-003, 1.25243487e-002,
       -3.39447819e-002, 2.04035938e-002, 3.97283286e-002,
       9.88976881e-002, -1.09775448e-002, -1.39234792e-002,
       1.87669862e-002, 7.38912001e-002, -4.67762239e-002,
       9.63861216e-003, 2.04814766e-002, 2.79459953e-002,
       4.78447117e-002, 4.33473438e-002, 4.25110981e-002,
       6.16281554e-002, -4.29060170e-003, -1.40967332e-002,
       6.08960949e-002, 3.18861865e-002, -6.98500350e-002,
       2.66268402e-002, -7.60661485e-003, 6.28912728e-003,
       1.99056976e-002, 5.34058511e-002, -3.74459848e-002,
       -9.94449556e-002, -3.89451422e-002, 1.87167209e-002,
       2.39599906e-002, 1.22911064e-002, 1.77769028e-002,
       -1.82924327e-002, 1.48463051e-003, -1.97000708e-002,
       1.09694861e-002, -1.08360000e-001, 5.46711404e-003,
       -2.08780318e-002, -6.57782629e-002, 4.76225391e-002,
       -2.91717723e-002, 3.23454775e-002, -2.82070227e-002,
       1.14199705e-002, 4.19216380e-002, 5.07429987e-003,
       6.95787743e-003, 2.64673363e-002, -6.73225299e-002,
       -1.40945287e-002, -1.29205594e-002, -3.37346941e-002,
       4.09030542e-003, 5.29867746e-002, 2.75739748e-002,
       3.47389304e-003, -2.58445907e-002, -4.16916274e-002,
       -2.01965552e-002, 8.56040046e-003, 6.79378733e-002,
       -5.68937361e-002, 2.17259694e-002, 2.11848896e-002,
       4.50569615e-002, 2.20143199e-002, -1.96376517e-002,
       -7.65346922e-004, -4.59396914e-002, -3.40437628e-002,
       5.94827868e-002, 5.07755056e-002, -1.89921283e-003,
       6.03043959e-002, 3.30421254e-002, 1.56781357e-002,
       -6.24661185e-002, -5.36106352e-004, -1.75745618e-002,
       5.65670291e-003, -2.66445056e-002, 4.10041474e-002,
       -3.52412015e-002, -1.76510215e-002, -7.19123632e-002,
       2.56031957e-002, -5.77897802e-002, 4.17409698e-003,
       5.39080389e-002, -6.68589175e-002, 5.67290746e-003,
       -2.48695556e-002, 4.90721911e-002, 2.12578550e-002,
       4.41251174e-002, 1.73982754e-002, -5.84437288e-002,
       -8.16322491e-002, 3.18171382e-002, -1.51644815e-002,
       3.41224819e-002, -1.91394929e-002, -1.68802738e-002,
       1.99019704e-002, 1.66088734e-002, -3.96840572e-002,
       5.61362971e-003, 9.18348134e-003, -1.58449654e-002,
       2.53164805e-002, -3.06599550e-002, 2.19965894e-002,
       -6.37206659e-002, 5.53368106e-002, -4.40486744e-002,
       -1.04494698e-001, -3.46664600e-002, -3.29768658e-002,
       -2.54216534e-003, -8.16250294e-002, 1.68987513e-002,
       8.41684490e-002, -3.35135236e-002, 1.03172855e-002,
       -5.22415414e-002, 2.58826558e-002, 6.03236072e-002,
       -5.09676076e-002, 2.27943063e-003, -3.34066115e-002,
       -3.13099846e-002, -5.46789449e-003, -2.48234179e-002,
       5.92771498e-003, -5.49127348e-003, -3.95063907e-002,
       -1.59319304e-002, -1.00071318e-002, -1.59320030e-002,
       1.29499417e-002, -2.88606621e-002, 2.32280847e-002,
       -4.79730545e-003, 6.01183325e-002, -1.60622727e-002,
       5.12984872e-004, -6.65974021e-002, 1.17958616e-002,
       2.04066280e-002, 3.86655442e-002, -1.25294235e-002,
       -4.15755920e-002, 2.83188354e-002, -2.14859936e-002,
       5.23452014e-002, -1.24238916e-002, 1.46142226e-002,
       -4.85288985e-002, -3.20792757e-002, -2.38684714e-002,
       -8.20077490e-003, -5.56833446e-002, 1.71073731e-002,
       -7.59897530e-002, 2.16777138e-002, 1.91120002e-002,
       2.13252734e-002, 9.71663464e-003, 3.33042466e-003,
       -1.52089363e-002, 3.73607650e-002, 3.22630592e-002,
       4.54850644e-002, 5.28709590e-002, -9.76758730e-003,
       -1.20102800e-002, -4.68448289e-002, 4.56111059e-002,
       5.12256194e-003, -2.11087018e-002, 4.15578857e-002,
       2.22847369e-002, 1.15597015e-002, 6.37853593e-002,
       1.03308382e-002, 2.07080226e-002, -1.68948919e-002,
       1.80170257e-002, 2.60346644e-002, 7.35985301e-003,
       -3.57442908e-002, -5.10461908e-003, -3.53722200e-002,
       -1.49204088e-002, -1.17071671e-002, 3.14336903e-002,
       2.49182135e-002, -2.10464951e-002, 3.24144922e-002,
       4.79159728e-002, 1.20518580e-001, -4.37572114e-002,
       2.55607665e-005, 3.61502171e-002, 2.38301922e-002,
       -3.28577566e-003, -4.84016798e-002, -1.98155120e-002,
       4.55029448e-003, 1.51392231e-002, 7.41663128e-002,
       -4.44348641e-002, 6.22132160e-002, 2.41132583e-002,
       -6.73456565e-002, -7.57073686e-002, -2.78614070e-002,
       3.15508582e-002, -7.20607266e-002, 1.21864146e-002,
       -3.37813161e-002, 2.24823467e-002, -8.41927528e-002,
       -2.49868371e-002, 1.19524673e-002, -4.61722761e-002,
       3.55254076e-002, 1.12695349e-002, 6.42656488e-003,
       -5.60577177e-002, -3.95957381e-002, 4.80665080e-002,
       -3.47071514e-002, 4.77241911e-002, -1.81306917e-002,
       -5.80036268e-003, 5.01050204e-002, -4.92013916e-002,
       -2.41053849e-002, -2.96076201e-002, -5.67629412e-002,
       4.74120118e-002, -4.61018048e-002, 5.72532192e-002,
       -2.15264913e-002, 1.25414813e-002, -1.45073822e-002,
       1.88321751e-002, 1.02928383e-002, -6.82406053e-002,
       -5.66539355e-002, -3.53707261e-002, -5.07133901e-002,
       -4.40126956e-002, 4.24303226e-002, 1.42962020e-002,
       -6.36730716e-002, -1.50769055e-002, 6.50970340e-002,
       5.51943406e-002, 2.78410167e-002, 9.30109471e-002,
       -2.82412302e-002, 7.19989417e-003, -3.26626375e-003,
       -1.63403768e-002, -3.77825722e-002, 1.46953929e-002,
       -8.78042728e-003, 6.57258835e-003, 4.55122404e-002,
       3.80337946e-002, 7.34570713e-005, -3.54081728e-002,
       -8.87075290e-002, 4.88675758e-002, -2.29128879e-002,
       1.10201892e-002, 9.24207550e-003, -5.49131632e-002,
       5.30554131e-002, -4.98740301e-002, -1.57979075e-002,
       -5.62161533e-003, -4.81008142e-002, -1.62646193e-002,
       8.40009470e-003, -2.51372810e-002, 2.37210523e-002,
       2.18471382e-002, 3.22821923e-002, -5.83221763e-002,
       5.40336361e-003, -1.64668430e-002, 1.15082040e-002,
       -2.62585077e-002, -5.80465533e-002, 4.21919301e-002,
       1.38028190e-002, 2.46205218e-002, -6.61359951e-002,
       -3.24823968e-002, 5.79293724e-003, 3.50871608e-002,
       3.82968150e-002, -2.60206461e-002, -3.19711156e-002,
       -3.58930938e-002, 2.51662657e-002, -3.87370214e-002,
       -2.58398820e-002, 2.50542127e-002, 2.30077282e-002,
       -3.37080359e-002, 6.21289201e-002, -1.53231630e-002,
       -5.36797084e-002, 4.68018232e-003, 2.36522965e-002,
       -1.03937812e-001, 5.44621982e-002, -1.24902176e-002,
       -4.78642173e-002, 4.01617736e-002, 4.72157560e-002,
       1.07587976e-002, 2.89424672e-003, 5.99310622e-002,
       1.44702056e-002, 3.68722230e-002, -2.52656359e-002,
       2.01342907e-003, 8.07998702e-003, 2.65628211e-002,
       -3.88494581e-002, 1.66005362e-002, -2.49807071e-002,
       4.08031605e-002, 2.56455205e-002, 4.27362993e-002,
       3.24302688e-002, 2.15674769e-002, 5.81261255e-002,
       2.03914661e-002, 8.02686661e-002, -3.95906568e-002,
       -4.96298298e-002, 2.30094958e-002, -3.39304283e-003,
       -3.58455628e-002, 1.47754615e-002, -4.32712659e-002,
       1.61684006e-002, -4.02337639e-003, 4.33366187e-003,
       -3.20989117e-002, 1.32394079e-002, -3.00071202e-003,
       -3.58931418e-003, -4.01984056e-004, 8.86587333e-003,
       -4.58608419e-002, -4.54743505e-002, 5.03424257e-002,
       4.27063890e-002, 1.49201080e-002, 3.74871194e-002,
       -1.12246154e-002, 1.71820782e-002, 7.29743242e-002,
       1.14065316e-002, 1.22106252e-002, -1.01675773e-002,
       3.55676841e-003, 2.92989798e-002, 5.82633838e-002,
       -1.95667781e-002, -9.44135990e-003, 1.68765970e-002,
