%YAML:1.0
number: 1
data_0: !!opencv-matrix
   rows: 1
   cols: 768
   dt: f
   data: [ -3.15048844e-002, -1.24966651e-001, -6.12096451e-002,
       1.18999369e-001, 3.03255171e-002, 6.69390289e-003,
       -7.48929828e-002, 5.29926233e-002, 1.69956293e-002,
       -7.93303549e-002, -1.29243890e-002, 8.89136344e-002,
       7.19088688e-002, 5.96183725e-002, -2.10053455e-002,
       3.59034352e-002, -4.51588109e-002, 1.40334424e-002,
       -2.73818765e-002, -2.13428289e-002, 4.25018370e-002,
       5.72917946e-002, -1.97605845e-002, 1.03338603e-002,
       4.45287563e-002, -5.06191067e-002, -6.06127642e-003,
       -3.08141485e-002, 6.63358048e-002, -4.22219485e-002,
       6.29054921e-005, -1.69016346e-002, -5.65341376e-002,
       1.95750017e-002, 6.57740161e-002, -2.76450906e-002,
       -1.03031583e-001, 5.28930649e-002, -2.98907962e-002,
       9.17472504e-003, 9.02849715e-003, 3.90364565e-002,
       3.12009919e-002, 6.68548420e-002, -6.38000369e-002,
       -3.16452645e-002, 4.00590003e-002, 3.18532735e-002,
       2.69686617e-002, 2.99447007e-003, 1.04334694e-003,
       -2.94835139e-002, 2.57355534e-002, 8.46768990e-002,
       -3.84746194e-002, -1.81921665e-002, 1.15194470e-001,
       1.64710935e-002, 4.64657918e-002, -6.93226680e-002,
       1.83233470e-002, 2.67551877e-002, 6.91278279e-002,
       -9.80965211e-004, 1.56321619e-002, -1.15064168e-002,
       -2.42590476e-002, 2.03488152e-002, 7.54671767e-002,
       -1.12040136e-002, 3.54432426e-002, -1.43419076e-002,
       1.77797191e-002, 3.60071473e-002, -3.20806056e-002,
       -2.41465997e-002, -5.44730425e-002, 2.08312389e-003,
       2.64037438e-002, -1.05712062e-003, -6.27858005e-003,
       -4.12363559e-002, -4.18241955e-002, -2.80598970e-003,
       1.52423850e-003, 1.02428067e-002, -6.98925182e-002,
       5.74884228e-002, 6.79961741e-002, -2.01891959e-002,
       -1.05428407e-002, -7.19064567e-003, -3.21651213e-002,
       -5.19036036e-003, 3.32862809e-002, -3.36662820e-003,
       5.76208644e-002, -7.78561877e-003, 4.60655950e-002,
       1.06116552e-002, 1.19068203e-002, 4.86404449e-002,
       1.02876099e-002, 7.08526522e-002, -1.39793567e-002,
       -1.60590596e-002, -3.19931321e-002, -3.99678538e-004,
       3.81548405e-002, 1.74891166e-002, 3.42717022e-003,
       -5.20484056e-003, -4.06434834e-002, 1.64855439e-002,
       6.14085374e-003, 1.35706607e-002, 4.74542864e-002,
       -4.38587228e-003, 1.62477940e-002, 1.98703278e-002,
       2.40849201e-002, -2.94972863e-002, -3.33892070e-002,
       -7.47444713e-003, 5.14376014e-002, -1.77317169e-002,
       2.37392038e-002, 3.57067771e-002, -7.56013095e-002,
       1.95789170e-002, -3.35448496e-002, 4.25620470e-003,
       -1.39793614e-002, 2.41977721e-002, -5.68589270e-002,
       -1.04470111e-001, 3.34281102e-002, -2.72807525e-003,
       5.81085719e-002, 2.31216475e-002, 4.44375724e-002,
       -3.66995786e-003, -4.38092016e-002, 1.52288172e-002,
       1.78968254e-002, 3.62733305e-002, -5.89186698e-002,
       2.10578907e-002, -3.20991687e-002, 3.42221633e-002,
       -2.27354821e-002, 1.25199016e-002, -1.66351104e-003,
       4.08231355e-002, 2.12327335e-002, -2.80441474e-002,
       2.11489331e-002, 1.74618606e-002, 5.32407910e-002,
       4.26323861e-002, 1.40288090e-002, -3.11392061e-002,
       -2.94745248e-002, 2.95520648e-002, -1.07934866e-002,
       1.62310172e-002, -8.08255747e-003, 2.02514064e-002,
       -2.27165725e-002, -2.45123338e-002, -8.76979809e-003,
       -7.03995069e-003, 1.82058495e-002, 3.10631767e-002,
       1.46255465e-002, 4.70152199e-002, 2.56289495e-003,
       -4.52585518e-002, 1.65375806e-002, 2.41354853e-002,
       -2.64514685e-002, -6.13478534e-002, 5.65693416e-002,
       -4.32433048e-003, 1.88128278e-002, -8.34081471e-002,
       2.68374514e-002, -3.10729500e-002, -4.16200422e-002,
       -1.83652446e-003, -8.45300704e-002, -3.40955183e-002,
       5.16475439e-002, -1.40166618e-002, -5.36412597e-002,
       1.50267156e-002, -1.03548929e-001, 1.16132421e-003,
       2.77229398e-003, 1.74480826e-002, 8.46879464e-003,
       -6.75897393e-003, -6.19751960e-003, 3.44119929e-002,
       3.31219286e-002, -4.27584276e-002, -2.57149637e-002,
       -7.44983852e-002, -1.93964615e-002, 3.98876034e-002,
       -5.15585765e-003, -1.71577267e-003, 2.06446685e-002,
       2.50134096e-002, 3.85474078e-002, 2.68134791e-002,
       4.47202884e-002, 3.61624360e-002, 9.62626263e-002,
       3.51213217e-002, -3.38343531e-003, -2.26499904e-002,
       -1.10753970e-002, 2.17621401e-002, -2.50841724e-003,
       -2.51379907e-002, -4.75999340e-002, 5.00547923e-002,
       3.19950059e-002, -5.32710832e-003, -2.22421587e-002,
       5.84952682e-002, 8.44964199e-003, 3.19638252e-002,
       8.35981127e-003, 1.15026921e-001, 3.50695774e-002,
       4.35938686e-002, 3.95411476e-002, -4.65449691e-002,
       2.52796449e-002, -4.73722555e-002, -4.51680571e-002,
       2.19715014e-002, -5.12173548e-002, 1.14658615e-002,
       1.03373621e-002, -5.34615293e-002, 6.77269548e-002,
       1.25508765e-002, 1.55418543e-002, -3.76877487e-002,
       -6.43337741e-002, 5.02096452e-002, -5.98103041e-003,
       -4.58430173e-003, -3.09104342e-002, 7.18140528e-002,
       -2.02713832e-002, -2.91764811e-002, -1.27687827e-002,
       1.54699925e-002, -2.46727746e-002, 2.21566996e-003,
       -3.05933021e-002, -2.59734970e-002, 1.96315534e-002,
       7.29311556e-002, 2.71200873e-002, 3.38530019e-002,
       -1.19438088e-002, -5.04421489e-003, -7.85176083e-003,
       4.23010401e-002, 3.30083296e-002, 2.50147376e-002,
       -7.61506800e-003, 1.86982118e-002, 9.46120452e-003,
       -4.66753840e-002, -4.03771317e-003, -5.29827215e-002,
       -3.06241512e-002, -3.16356830e-002, 6.34442642e-002,
       -4.55147438e-002, -2.61309259e-002, 1.23350754e-001,
       -1.35019363e-003, -6.80270791e-002, -6.34016469e-002,
       -3.03648924e-003, 2.55932193e-002, -3.71072977e-003,
       -9.22984406e-002, -1.76688768e-002, 1.98281981e-004,
       -1.83858648e-002, 4.03862223e-002, 3.09517737e-002,
       4.88254093e-002, 6.27834797e-002, 7.28752539e-002,
       2.35778689e-002, 5.29590668e-003, -1.11809210e-003,
       1.83799136e-002, -5.41166030e-003, -7.54154334e-003,
       2.50450876e-002, 3.86714786e-002, 8.56392905e-002,
       -3.97214852e-003, -2.95537207e-002, 3.45243923e-002,
       3.48305441e-002, -1.24322241e-002, -1.66735542e-003,
       -3.22192758e-002, 5.32118380e-002, -3.07147559e-002,
       -2.11655460e-002, 3.18167321e-002, 1.97328869e-002,
       -1.70599129e-002, -1.53909787e-003, -8.04456621e-002,
       5.13769649e-002, 5.94937094e-002, -8.49132705e-003,
       -1.14352293e-002, 3.88905220e-002, 1.79112814e-002,
       3.30945812e-002, -9.37335100e-003, -2.41837911e-002,
       -5.53862974e-002, -7.21172318e-002, -7.54445270e-002,
       2.43817121e-002, 2.19891965e-002, 1.18422629e-002,
       9.72748827e-003, 3.96694168e-002, -2.61306427e-002,
       3.99534330e-002, -1.78191178e-002, -3.99330109e-002,
       -4.04947363e-002, 6.68521738e-003, 1.98262860e-003,
       4.57297154e-002, 5.29800775e-003, -2.01409757e-002,
       -4.37290817e-002, 9.29296855e-003, 8.72520264e-003,
       1.81124881e-002, -3.86008024e-002, -6.88626803e-003,
       3.72346665e-004, 1.37604922e-002, -2.27496531e-002,
       3.84485582e-003, -5.62760904e-002, -6.72483891e-002,
       -4.89734188e-002, -3.98094170e-002, -3.89218964e-002,
       -4.96422760e-002, -5.65275587e-002, 4.06306125e-002,
       -1.41967228e-002, 2.55730236e-003, 1.79718118e-002,
       -1.02007482e-002, 2.05372069e-002, 3.92333940e-002,
       9.52846743e-003, -5.64938318e-003, -2.20693666e-002,
       -2.07821019e-002, 1.12315547e-002, -6.12223474e-003,
       5.34577994e-003, -7.11926119e-003, -3.31467502e-002,
       3.06414999e-002, -1.65029000e-002, 6.61965273e-003,
       -1.66416168e-002, -1.00577353e-002, -3.80952507e-002,
       -3.36019881e-002, -1.34243001e-003, 2.05244701e-002,
       -1.49770160e-004, -3.18093449e-002, 2.99713686e-002,
