%YAML:1.0
number: 1
data_0: !!opencv-matrix
   rows: 1
   cols: 768
   dt: f
   data: [ -3.96396890e-002, -1.33179143e-001, -1.17619745e-001,
       1.35885522e-001, 9.26529393e-002, 1.67167420e-003,
       -3.10870409e-002, 3.05218957e-002, -2.10310053e-002,
       8.45451802e-002, 1.27089897e-003, 7.36578852e-002,
       6.24208450e-002, 4.94811609e-002, -1.42516065e-002,
       1.93156712e-002, 2.00797766e-002, -1.78790130e-002,
       -6.62573203e-002, -2.76755504e-002, 2.59899031e-002,
       6.96425289e-002, 1.78037118e-003, -1.90203600e-002,
       -5.34373976e-004, -3.78332101e-003, -2.98303273e-003,
       6.31807223e-002, -7.75656775e-002, -6.19757064e-002,
       7.02409595e-002, 3.99088673e-003, -3.94808315e-002,
       8.46573412e-002, 8.07918161e-002, 1.04602454e-002,
       -2.99273133e-002, 2.40168758e-002, -5.16889282e-002,
       2.61359233e-002, -6.33988678e-002, -3.64222266e-002,
       -2.57426146e-002, -4.96173352e-002, 3.47668417e-002,
       4.33860645e-002, 4.67474759e-002, -1.93133093e-002,
       -3.40538882e-002, 1.22066727e-002, -4.56509627e-002,
       -3.99068519e-002, -1.34221623e-002, -3.24273556e-002,
       -1.24972239e-002, 2.10966822e-002, -4.03946564e-002,
       5.07023670e-002, -4.29841876e-002, 2.19410863e-002,
       -4.26428504e-002, 2.58402955e-002, -4.45150658e-002,
       -1.62592288e-002, 5.16873635e-002, -6.40918389e-002,
       3.66859734e-002, 5.49307689e-002, 1.82819944e-002,
       -1.27016734e-002, 3.76374498e-002, 4.90894616e-002,
       -3.25996727e-002, -3.96710299e-002, -1.25917364e-002,
       1.77716482e-002, -1.24890702e-002, 1.79526154e-002,
       -5.49053513e-002, 9.38396621e-003, 6.59137918e-003,
       -2.93915346e-002, 5.28759323e-004, -4.08461317e-003,
       -2.79723424e-002, -3.17404866e-002, 5.46632111e-002,
       5.91643737e-004, -1.09848663e-001, 3.65699492e-002,
       1.66535433e-002, -4.76842225e-002, -1.02815852e-002,
       4.86917421e-002, -7.89918099e-003, 6.67017251e-002,
       2.16954406e-002, 6.17935620e-002, 1.50484983e-002,
       3.43863778e-002, 7.76247308e-002, -5.60863130e-002,
       6.26396239e-002, 3.92189063e-002, -1.12250932e-002,
       4.83867377e-002, 1.14177121e-002, -2.46325340e-002,
       -1.13232890e-002, 1.22841317e-002, 2.50929277e-002,
       -1.88107439e-003, -2.19509806e-002, 4.43265513e-002,
       8.03246796e-002, -2.91940384e-002, 1.53629361e-002,
       -5.04758283e-002, -4.39831130e-002, 3.41279432e-002,
       2.60140412e-002, 2.69781821e-003, -9.99458879e-003,
       4.24119495e-002, -5.05584255e-002, -3.56950983e-002,
       -2.69131884e-002, -2.20626090e-002, 1.85311288e-002,
       -2.32667830e-002, -1.14190681e-002, 4.23796065e-002,
       -5.29130511e-002, -5.82632050e-002, -6.74006790e-002,
       1.19441305e-003, -1.16505371e-002, -1.03060892e-002,
       -7.33066797e-002, -5.91090918e-002, 2.91292723e-002,
       2.40679160e-002, -2.85221860e-002, 2.52207629e-002,
       -1.03000989e-002, 5.49946167e-002, -2.71678083e-002,
       -2.17686165e-002, 1.66465808e-002, 5.15776873e-002,
       -1.67149305e-002, -3.50170955e-003, 6.75192773e-002,
       -3.33731957e-002, 4.33162749e-002, -4.00246456e-002,
       7.28627890e-002, 5.27005792e-002, -1.09754289e-002,
       5.72110079e-002, 7.01912940e-002, 4.21664044e-002,
       1.43404985e-002, -2.31824610e-002, 2.86578666e-002,
       -4.40856367e-002, -1.51440073e-002, 1.54135711e-002,
       -3.50883603e-002, -4.73346421e-003, 3.27796638e-002,
       3.32346223e-002, -4.53038402e-002, 5.41905966e-003,
       2.37910519e-003, 5.56408055e-002, -4.17545512e-002,
       -6.49386421e-002, -4.69262898e-002, -4.48820591e-002,
       -4.71477117e-003, -6.88790530e-002, -5.72386496e-002,
       -7.25170448e-002, -9.52555146e-003, 2.61348505e-002,
       1.33762900e-002, -6.56262320e-003, 4.09821048e-002,
       1.41650345e-002, 2.73023266e-002, 1.37677360e-002,
       -5.09939529e-002, -4.68266793e-002, 3.28818634e-002,
       5.61066754e-002, 3.23915156e-003, -4.11489345e-002,
       -4.43602391e-002, -4.07508053e-002, -2.49176566e-002,
       4.25318964e-002, 1.06900176e-002, 1.52768977e-002,
       -3.30588524e-003, -3.68957268e-003, -1.08573539e-002,
       2.60886233e-002, 2.67135669e-002, 3.79162766e-002,
       -1.67731615e-003, 1.16118947e-002, -1.72541309e-002,
       -3.52054685e-002, 1.04277534e-002, -2.31964141e-002,
       -1.71273947e-002, -8.17233324e-003, -7.76041998e-003,
       7.56198773e-004, -6.55370504e-002, -1.19174935e-003,
       1.20751718e-002, -1.82499271e-002, -8.87815654e-003,
       1.58888754e-002, 1.01554289e-001, 2.59935018e-002,
       -1.41918594e-002, -2.65506133e-002, 4.64466140e-002,
       5.36377244e-002, -1.07685686e-003, 7.41339847e-002,
       -4.33628373e-002, 2.18666308e-002, -3.01959850e-002,
       2.31803991e-002, 1.42221665e-002, 1.72636267e-002,
       2.45276820e-002, 2.65059751e-002, -2.67109880e-003,
       -1.37047488e-002, 4.62477803e-002, -3.92421111e-002,
       3.47154289e-002, -5.91941215e-002, 4.43263054e-002,
       -8.11077654e-003, -5.93581982e-002, -1.10969339e-002,
       -2.58075893e-002, -2.75484473e-002, -2.25916281e-002,
       4.86857593e-002, 2.35465225e-002, 3.03087961e-002,
       1.59609970e-002, -4.06521559e-003, -5.51536828e-002,
       2.06443164e-002, -2.50820387e-002, 2.83563733e-002,
       1.20317787e-002, -1.57193821e-002, 3.51745524e-002,
       -2.42343266e-002, 2.23315023e-002, 8.17364454e-002,
       -4.83153760e-002, 1.04497066e-002, 8.22889656e-002,
       5.12379333e-002, 3.98368910e-002, -1.91334710e-002,
       3.41272429e-002, -3.74223031e-002, 1.81239638e-002,
       3.62872705e-003, -2.46816427e-002, -2.28945166e-002,
       -1.40288342e-002, 3.00563816e-002, 2.09963880e-002,
       -4.16300893e-002, -5.99951297e-002, -5.65528311e-002,
       -9.16799903e-003, 1.25370473e-002, -3.04161548e-003,
       7.03175738e-002, -2.96592654e-004, -1.17032148e-003,
       9.20045481e-004, -2.84668710e-002, 2.74471566e-002,
       2.72873230e-002, -1.58166618e-003, -4.12479118e-002,
       2.65593324e-002, -5.05294129e-002, 1.66090112e-002,
       1.89598165e-002, -5.90094030e-002, 2.03187466e-002,
       2.18608435e-002, -1.11059495e-003, 2.22343975e-003,
       4.67543416e-002, 3.55355665e-002, 1.61044467e-002,
       1.39089506e-002, -4.83579598e-002, -2.93372478e-002,
       -2.96709854e-002, -4.56304774e-002, -4.80127614e-003,
       -1.46551393e-002, 1.81791503e-002, -2.15244479e-003,
       -1.75584685e-002, 2.65901554e-002, 3.20993513e-002,
       9.21819881e-002, 1.06237433e-003, 3.41262622e-003,
       1.05270268e-002, -5.60691804e-002, -3.98811884e-003,
       -3.86861488e-002, 7.34710544e-002, 5.89380339e-002,
       -2.29321606e-002, 6.82365522e-002, -5.83076035e-004,
       2.35729758e-002, -4.07910859e-003, -3.90367918e-002,
       3.54782268e-002, 5.99772744e-002, -8.52042213e-002,
       -2.22422574e-002, -1.91419870e-002, 6.22507595e-002,
       7.48269632e-002, -1.12662336e-003, 3.10572311e-002,
       -9.29108210e-005, -1.38577111e-002, -6.04749843e-003,
       4.51526605e-002, 3.27255242e-002, -2.53217965e-002,
       -3.79382372e-002, 4.35230955e-002, 4.13571708e-002,
       -1.26463296e-002, 3.18742096e-002, 1.75170172e-002,
       -1.87088195e-002, -1.66213475e-002, 1.49867646e-002,
       -6.04978874e-002, 1.18217170e-002, -7.44466088e-004,
       4.33838218e-002, -2.12515797e-002, 3.20916921e-002,
       3.70607479e-004, -3.50735635e-002, 4.30456139e-002,
       -3.89467143e-002, 1.68184564e-002, -2.35916097e-002,
       2.71615628e-002, -4.98364903e-002, -5.93569241e-002,
       -3.10335420e-002, -4.74696197e-002, 2.09450096e-004,
       -3.66844167e-003, 2.88720597e-002, -1.70616359e-002,
       -2.10630265e-003, 2.04558745e-002, 3.47779691e-002,
       -6.29941002e-002, 7.64984488e-002, -5.79219721e-002,
       3.57899368e-002, 1.11383740e-002, 2.30260063e-002,
       9.82730649e-003, 3.31613123e-002, -1.81363449e-002,
       5.11090904e-002, -1.46011980e-002, 3.91889410e-003,
